44.852277, -110.254987
44.852292, -110.255859
44.852372, -110.254715
44.852391, -110.254824
44.852437, -110.256471
44.852573, -110.256657
44.852667, -110.254893
44.852687, -110.256045
44.852697, -110.256562
44.852736, -110.255749
44.852837, -110.255782
44.852908, -110.256650
44.853026, -110.255490
44.853113, -110.254856
44.853128, -110.256306
44.853151, -110.256648
44.853306, -110.256271
44.853362, -110.256484
44.853407, -110.255002
44.853443, -110.255240
44.853525, -110.255626
44.853615, -110.255501
44.853678, -110.256305
44.853713, -110.256166
44.853714, -110.256589
44.853744, -110.254983
44.853751, -110.254931
44.853886, -110.256407
44.853928, -110.255306
44.853952, -110.256267
44.853969, -110.256471
44.853990, -110.255021
44.854030, -110.254709
44.854050, -110.255952
44.854111, -110.255998
44.854928, -110.297576
44.854931, -110.296285
44.855016, -110.297372
44.855118, -110.295748
44.855131, -110.296247
44.855179, -110.296249
44.855250, -110.296756
44.855312, -110.297659
44.855363, -110.295747
44.855393, -110.297026
44.855444, -110.297500
44.855446, -110.297551
44.855464, -110.297372
44.855503, -110.296680
44.855541, -110.296258
44.855690, -110.296934
44.855730, -110.297371
44.855764, -110.296108
44.855784, -110.336233
44.855786, -110.296697
44.855880, -110.335238
44.855884, -110.296366
44.855970, -110.336205
44.855990, -110.334663
44.856010, -110.295801
44.856025, -110.334720
44.856030, -110.297275
44.856045, -110.296661
44.856102, -110.296298
44.856104, -110.335943
44.856115, -110.296661
44.856140, -110.336403
44.856181, -110.336177
44.856247, -110.297366
44.856248, -110.335019
44.856269, -110.296291
44.856313, -110.296528
44.856318, -110.335633
44.856352, -110.335505
44.856368, -110.335358
44.856402, -110.296433
44.856422, -110.297403
44.856445, -110.295700
44.856450, -110.335371
44.856503, -110.296208
44.856620, -110.336295
44.856624, -110.335322
44.856693, -110.334778
44.856698, -110.335246
44.856723, -110.335531
44.856741, -110.334498
44.856758, -110.296049
44.856773, -110.297012
44.856843, -110.297208
44.856866, -110.335611
44.856874, -110.336343
44.856924, -110.334925
44.856940, -110.334867
44.857077, -110.331367
44.857233, -110.330928
44.857306, -110.331593
44.857341, -110.335184
44.857357, -110.334780
44.857405, -110.336423
44.857411, -110.334754
44.857416, -110.336228
44.857433, -110.335025
44.857466, -110.330984
44.857493, -110.332420
44.857498, -110.336238
44.857521, -110.331668
44.857632, -110.334691
44.857661, -110.331688
44.857664, -110.331528
44.857672, -110.335512
44.857673, -110.331478
44.857677, -110.334568
44.857708, -110.331593
44.857709, -110.336064
44.857710, -110.334783
44.857719, -110.330918
44.857723, -110.266818
44.857867, -110.330866
44.857869, -110.267975
44.857911, -110.332224
44.857925, -110.330823
44.857967, -110.331921
44.858031, -110.331961
44.858037, -110.267773
44.858054, -110.331666
44.858060, -110.332535
44.858090, -110.267815
44.858106, -110.266540
44.858166, -110.267490
44.858175, -110.267885
44.858195, -110.267675
44.858245, -110.267774
44.858253, -110.267080
44.858336, -110.331531
44.858356, -110.332527
44.858363, -110.268201
44.858386, -110.267407
44.858391, -110.266724
44.858410, -110.330913
44.858437, -110.331602
44.858446, -110.331092
44.858472, -110.332618
44.858506, -110.331066
44.858539, -110.267747
44.858565, -110.267058
44.858570, -110.267756
44.858571, -110.331413
44.858620, -110.266962
44.858634, -110.266460
44.858656, -110.332615
44.858666, -110.266828
44.858682, -110.266974
44.858702, -110.267368
44.858749, -110.331706
44.858755, -110.266537
44.858755, -110.332609
44.858785, -110.331546
44.858799, -110.266324
44.858805, -110.331773
44.858840, -110.331660
44.858844, -110.268134
44.858874, -110.330774
44.858886, -110.332653
44.858908, -110.267602
44.858917, -110.266683
44.858957, -110.330867
44.858963, -110.267223
44.859005, -110.267952
44.859052, -110.267863
44.859070, -110.267211
44.859101, -110.266893
44.859179, -110.312531
44.859210, -110.313391
44.859219, -110.312608
44.859253, -110.314302
44.859344, -110.312766
44.859386, -110.267341
44.859409, -110.266500
44.859436, -110.313344
44.859446, -110.312501
44.859471, -110.268086
44.859483, -110.266869
44.859526, -110.312860
44.859545, -110.312541
44.859684, -110.312629
44.859795, -110.312857
44.859804, -110.314366
44.859858, -110.314128
44.859919, -110.312705
44.859919, -110.313547
44.859947, -110.314021
44.859991, -110.314331
44.860047, -110.314364
44.860200, -110.314067
44.860205, -110.309898
44.860226, -110.313173
44.860280, -110.314280
44.860281, -110.312763
44.860291, -110.313860
44.860321, -110.313530
44.860325, -110.313407
44.860341, -110.310249
44.860359, -110.314217
44.860367, -110.309693
44.860378, -110.309737
44.860427, -110.310062
44.860466, -110.310356
44.860467, -110.312902
44.860474, -110.314116
44.860514, -110.309705
44.860537, -110.308758
44.860538, -110.308752
44.860600, -110.308818
44.860654, -110.308522
44.860660, -110.308656
44.860675, -110.312784
44.860722, -110.313133
44.860738, -110.313473
44.860767, -110.309786
44.860768, -110.309629
44.860794, -110.313468
44.860846, -110.314188
44.860877, -110.314012
44.860954, -110.308746
44.860971, -110.309559
44.860982, -110.313332
44.861068, -110.308520
44.861135, -110.309535
44.861169, -110.310150
44.861195, -110.308459
44.861221, -110.309843
44.861243, -110.309991
44.861246, -110.308580
44.861249, -110.251570
44.861262, -110.310376
44.861267, -110.251132
44.861277, -110.309912
44.861299, -110.251524
44.861321, -110.252531
44.861376, -110.321846
44.861386, -110.252863
44.861415, -110.251008
44.861467, -110.309344
44.861512, -110.252325
44.861517, -110.309640
44.861540, -110.252897
44.861545, -110.321865
44.861563, -110.322127
44.861565, -110.322358
44.861574, -110.323105
44.861602, -110.251745
44.861669, -110.321634
44.861680, -110.252707
44.861727, -110.321456
44.861746, -110.321367
44.861770, -110.310076
44.861795, -110.309526
44.861806, -110.322892
44.861818, -110.308960
44.861887, -110.322750
44.861893, -110.322432
44.861899, -110.251438
44.861913, -110.308506
44.861943, -110.308894
44.861944, -110.322927
44.861973, -110.252537
44.861976, -110.251664
44.862019, -110.309737
44.862021, -110.321612
44.862048, -110.323181
44.862050, -110.321463
44.862071, -110.309598
44.862076, -110.309192
44.862089, -110.301580
44.862099, -110.251998
44.862100, -110.300319
44.862178, -110.321955
44.862210, -110.252183
44.862219, -110.251706
44.862221, -110.251014
44.862258, -110.300913
44.862284, -110.321665
44.862287, -110.302109
44.862370, -110.301346
44.862376, -110.322756
44.862387, -110.321977
44.862390, -110.321926
44.862402, -110.321299
44.862421, -110.251450
44.862430, -110.252605
44.862475, -110.251224
44.862495, -110.252530
44.862497, -110.323106
44.862520, -110.300307
44.862543, -110.252195
44.862573, -110.301833
44.862580, -110.300407
44.862581, -110.252399
44.862581, -110.302127
44.862590, -110.252374
44.862620, -110.301320
44.862635, -110.251218
44.862657, -110.300348
44.862664, -110.251237
44.862665, -110.301762
44.862682, -110.301013
44.862684, -110.301441
44.862750, -110.301259
44.862760, -110.322894
44.862779, -110.321611
44.862784, -110.322882
44.862785, -110.251477
44.862792, -110.300825
44.862803, -110.322641
44.862816, -110.252748
44.862829, -110.251461
44.862829, -110.322216
44.862836, -110.251533
44.862866, -110.322915
44.862924, -110.323152
44.862975, -110.300994
44.862991, -110.300377
44.863055, -110.251105
44.863056, -110.300415
44.863059, -110.251895
44.863066, -110.301007
44.863114, -110.301378
44.863127, -110.301541
44.863147, -110.300854
44.863151, -110.252741
44.863158, -110.323135
44.863176, -110.300401
44.863194, -110.252514
44.863195, -110.300985
44.863215, -110.251962
44.863241, -110.322297
44.863243, -110.322812
44.863272, -110.321536
44.863351, -110.321336
44.863352, -110.322725
44.863474, -110.301178
44.863484, -110.300975
44.863505, -110.300555
44.863646, -110.302121
44.863724, -110.300416
44.863845, -110.301447
44.863875, -110.300180
44.863940, -110.301796
44.863981, -110.301542
44.863981, -110.301968
44.866235, -110.276071
44.866257, -110.276951
44.866265, -110.277507
44.866276, -110.262548
44.866282, -110.275955
44.866296, -110.261867
44.866344, -110.262009
44.866348, -110.277243
44.866351, -110.276050
44.866352, -110.276969
44.866374, -110.262810
44.866377, -110.261532
44.866386, -110.276589
44.866390, -110.262667
44.866395, -110.262866
44.866403, -110.276559
44.866416, -110.261844
44.866525, -110.261823
44.866528, -110.276013
44.866534, -110.276992
44.866538, -110.276844
44.866605, -110.275807
44.866620, -110.263112
44.866635, -110.276198
44.866688, -110.262422
44.866716, -110.275778
44.866723, -110.277189
44.866725, -110.276682
44.866739, -110.262947
44.866740, -110.275890
44.866772, -110.262821
44.866775, -110.275971
44.866791, -110.277128
44.866809, -110.262747
44.866823, -110.277039
44.866847, -110.261574
44.866888, -110.276459
44.866904, -110.261443
44.866924, -110.276703
44.866933, -110.262112
44.866955, -110.262388
44.866966, -110.275769
44.866967, -110.275872
44.867008, -110.346263
44.867010, -110.276220
44.867036, -110.345824
44.867048, -110.346731
44.867088, -110.261316
44.867098, -110.346889
44.867119, -110.277012
44.867150, -110.346945
44.867168, -110.276850
44.867177, -110.262123
44.867206, -110.261890
44.867238, -110.346296
44.867262, -110.261687
44.867275, -110.262271
44.867278, -110.277040
44.867305, -110.346962
44.867396, -110.262795
44.867419, -110.276981
44.867429, -110.347276
44.867461, -110.277517
44.867516, -110.276640
44.867576, -110.261280
44.867578, -110.277192
44.867597, -110.261981
44.867697, -110.277208
44.867719, -110.346752
44.867740, -110.261275
44.867741, -110.276335
44.867746, -110.345704
44.867784, -110.345976
44.867791, -110.346741
44.867915, -110.261651
44.867941, -110.345970
44.867961, -110.346981
44.867999, -110.261626
44.868039, -110.261369
44.868054, -110.346726
44.868058, -110.346559
44.868077, -110.346506
44.868086, -110.346793
44.868137, -110.347404
44.868175, -110.262315
44.868177, -110.262148
44.868181, -110.261463
44.868208, -110.261471
44.868211, -110.263141
44.868214, -110.347131
44.868237, -110.347358
44.868259, -110.346615
44.868295, -110.346019
44.868342, -110.346568
44.868364, -110.346170
44.868469, -110.347454
44.868479, -110.346124
44.868544, -110.345853
44.868655, -110.347021
44.868663, -110.346443
44.868755, -110.347228
44.868768, -110.345552
44.868828, -110.346622
44.868889, -110.346236
44.868964, -110.347111
44.869305, -110.292318
44.869306, -110.291865
44.869447, -110.291600
44.869561, -110.291351
44.869562, -110.291642
44.869883, -110.290919
44.869954, -110.292205
44.870047, -110.290972
44.870066, -110.291643
44.870075, -110.291878
44.870082, -110.292317
44.870095, -110.291726
44.870119, -110.290669
44.870144, -110.290933
44.870154, -110.290828
44.870168, -110.273982
44.870168, -110.292440
44.870175, -110.275525
44.870179, -110.290550
44.870195, -110.275285
44.870213, -110.292175
44.870263, -110.290764
44.870263, -110.291910
44.870287, -110.292456
44.870401, -110.274157
44.870405, -110.291459
44.870440, -110.292225
44.870449, -110.274008
44.870500, -110.290814
44.870558, -110.284935
44.870594, -110.275229
44.870596, -110.275476
44.870608, -110.291154
44.870616, -110.285276
44.870630, -110.286067
44.870648, -110.275215
44.870672, -110.275454
44.870673, -110.274128
44.870685, -110.284320
44.870701, -110.285045
44.870722, -110.286070
44.870732, -110.274486
44.870732, -110.287047
44.870738, -110.286177
44.870742, -110.273940
44.870785, -110.286055
44.870808, -110.285412
44.870815, -110.285724
44.870847, -110.291511
44.870866, -110.274006
44.870889, -110.285369
44.870892, -110.283650
44.870892, -110.291725
44.870914, -110.284950
44.870921, -110.284388
44.870924, -110.284234
44.870926, -110.284290
44.870934, -110.285187
44.870959, -110.284381
44.870967, -110.290713
44.870971, -110.274044
44.870974, -110.291184
44.871011, -110.274960
44.871035, -110.284333
44.871052, -110.285518
44.871056, -110.274484
44.871084, -110.274263
44.871086, -110.291186
44.871089, -110.283679
44.871097, -110.283921
44.871104, -110.290547
44.871122, -110.285540
44.871143, -110.284748
44.871144, -110.284352
44.871216, -110.290609
44.871219, -110.291305
44.871228, -110.291088
44.871237, -110.274585
44.871240, -110.284311
44.871242, -110.290648
44.871261, -110.287135
44.871282, -110.287039
44.871298, -110.274236
44.871329, -110.285439
44.871346, -110.284970
44.871347, -110.286680
44.871404, -110.286921
44.871412, -110.275728
44.871412, -110.284833
44.871426, -110.284044
44.871437, -110.274838
44.871463, -110.285480
44.871485, -110.286237
44.871505, -110.284211
44.871511, -110.284246
44.871534, -110.275090
44.871543, -110.274773
44.871547, -110.285772
44.871574, -110.285632
44.871626, -110.275156
44.871647, -110.275081
44.871648, -110.274032
44.871649, -110.285439
44.871651, -110.273955
44.871655, -110.274357
44.871660, -110.274280
44.871662, -110.273977
44.871670, -110.275105
44.871758, -110.287103
44.871771, -110.285331
44.871787, -110.287083
44.871800, -110.275305
44.871802, -110.284994
44.871810, -110.285309
44.871836, -110.274519
44.871869, -110.284295
44.871870, -110.284088
44.871879, -110.284816
44.871904, -110.273975
44.871920, -110.283818
44.871942, -110.273917
44.872004, -110.285304
44.872052, -110.286597
44.872063, -110.284189
44.872078, -110.286072
44.872080, -110.287010
44.872102, -110.286915
44.872172, -110.285337
44.872177, -110.284567
44.872194, -110.284207
44.872211, -110.286763
44.872217, -110.286567
44.872249, -110.284735
44.872261, -110.284766
44.872286, -110.286217
44.872289, -110.286833
44.872291, -110.284509
44.872340, -110.286755
44.872444, -110.284353
44.872527, -110.286716
44.873113, -110.339122
44.873131, -110.338681
44.873131, -110.339197
44.873178, -110.339293
44.873193, -110.338649
44.873291, -110.339122
44.873397, -110.339292
44.873462, -110.339108
44.873577, -110.340401
44.873618, -110.339290
44.873634, -110.338494
44.873654, -110.340358
44.873691, -110.339920
44.873782, -110.340423
44.873835, -110.339123
44.873979, -110.340378
44.874050, -110.340304
44.874099, -110.339867
44.874215, -110.339952
44.874222, -110.339061
44.874294, -110.339706
44.874305, -110.339468
44.874431, -110.257479
44.874433, -110.258254
44.874458, -110.339809
44.874502, -110.339665
44.874515, -110.338995
44.874532, -110.340095
44.874674, -110.257067
44.874753, -110.256650
44.874761, -110.339089
44.874788, -110.339639
44.874793, -110.258176
44.874800, -110.338577
44.874828, -110.258097
44.874831, -110.339401
44.874844, -110.256639
44.874854, -110.257004
44.874870, -110.258004
44.874885, -110.256591
44.874905, -110.256749
44.874908, -110.256941
44.874963, -110.258398
44.874988, -110.256786
44.875020, -110.339894
44.875049, -110.339593
44.875073, -110.338855
44.875073, -110.339026
44.875084, -110.257962
44.875088, -110.339233
44.875125, -110.257754
44.875152, -110.257424
44.875272, -110.257351
44.875275, -110.257660
44.875414, -110.257820
44.875573, -110.257187
44.875646, -110.256562
44.875666, -110.257817
44.875691, -110.257483
44.875723, -110.257425
44.875742, -110.257614
44.875744, -110.257510
44.875999, -110.257095
44.876021, -110.257928
44.876102, -110.258033
44.876110, -110.258366
44.876111, -110.256803
44.876153, -110.257599
44.876248, -110.256588
44.876270, -110.256996
44.878470, -110.346730
44.878474, -110.346493
44.878494, -110.346237
44.878509, -110.347354
44.878599, -110.265588
44.878625, -110.267228
44.878651, -110.266764
44.878668, -110.265462
44.878676, -110.266881
44.878692, -110.266231
44.878744, -110.266127
44.878747, -110.347159
44.878784, -110.346327
44.878796, -110.346479
44.878803, -110.347927
44.878805, -110.265780
44.878816, -110.266917
44.878821, -110.265685
44.878826, -110.266110
44.878832, -110.267090
44.878849, -110.348154
44.878869, -110.266624
44.878879, -110.347191
44.878955, -110.266104
44.878961, -110.266379
44.879102, -110.350519
44.879169, -110.349567
44.879198, -110.266413
44.879205, -110.350159
44.879238, -110.350511
44.879283, -110.346518
44.879317, -110.347139
44.879337, -110.265490
44.879358, -110.349432
44.879386, -110.350523
44.879392, -110.347287
44.879395, -110.347613
44.879408, -110.350216
44.879410, -110.350359
44.879412, -110.347687
44.879414, -110.266136
44.879437, -110.266152
44.879454, -110.349716
44.879482, -110.266850
44.879491, -110.349782
44.879527, -110.349453
44.879557, -110.350137
44.879557, -110.350195
44.879570, -110.266851
44.879583, -110.349240
44.879595, -110.347443
44.879597, -110.267198
44.879604, -110.349423
44.879609, -110.349364
44.879673, -110.349018
44.879684, -110.350084
44.879685, -110.266937
44.879692, -110.346687
44.879723, -110.347342
44.879731, -110.265453
44.879751, -110.348138
44.879754, -110.265870
44.879761, -110.266938
44.879761, -110.294336
44.879773, -110.349567
44.879787, -110.294618
44.879815, -110.348067
44.879837, -110.346498
44.879854, -110.347610
44.879860, -110.267257
44.879876, -110.265483
44.879891, -110.293931
44.879896, -110.294269
44.879927, -110.346540
44.879935, -110.348009
44.879939, -110.294193
44.879942, -110.266925
44.879957, -110.348164
44.879964, -110.348944
44.879981, -110.346939
44.879994, -110.350223
44.880002, -110.349934
44.880016, -110.350352
44.880030, -110.293300
44.880037, -110.346417
44.880094, -110.346557
44.880096, -110.346860
44.880103, -110.348071
44.880123, -110.347335
44.880149, -110.348097
44.880155, -110.266117
44.880187, -110.293858
44.880208, -110.266856
44.880211, -110.347417
44.880218, -110.266179
44.880258, -110.349905
44.880292, -110.272611
44.880293, -110.350699
44.880302, -110.271718
44.880309, -110.346192
44.880320, -110.272111
44.880340, -110.347903
44.880348, -110.293394
44.880371, -110.293806
44.880384, -110.349010
44.880397, -110.271715
44.880397, -110.350604
44.880419, -110.350333
44.880426, -110.266947
44.880440, -110.294421
44.880453, -110.266837
44.880455, -110.350703
44.880459, -110.265427
44.880508, -110.350603
44.880525, -110.294022
44.880527, -110.350203
44.880564, -110.350286
44.880567, -110.272803
44.880569, -110.350717
44.880574, -110.271520
44.880585, -110.272203
44.880600, -110.294620
44.880613, -110.272751
44.880634, -110.272195
44.880678, -110.272702
44.880719, -110.293773
44.880727, -110.272170
44.880794, -110.349003
44.880801, -110.272729
44.880807, -110.294812
44.880816, -110.294576
44.880839, -110.272516
44.880883, -110.294146
44.880891, -110.272618
44.880899, -110.272367
44.880915, -110.271702
44.880926, -110.349097
44.880928, -110.293659
44.880931, -110.271597
44.880942, -110.271562
44.880973, -110.294710
44.881006, -110.272084
44.881035, -110.293565
44.881120, -110.294734
44.881208, -110.294970
44.881213, -110.293305
44.881224, -110.294275
44.881249, -110.294053
44.881273, -110.272814
44.881292, -110.294412
44.881304, -110.272977
44.881336, -110.293352
44.881355, -110.273128
44.881365, -110.338616
44.881382, -110.272463
44.881452, -110.272525
44.881505, -110.272346
44.881548, -110.339101
44.881549, -110.339046
44.881550, -110.272303
44.881571, -110.294587
44.881575, -110.293972
44.881578, -110.294567
44.881590, -110.294968
44.881606, -110.339515
44.881610, -110.295164
44.881615, -110.294289
44.881640, -110.272430
44.881642, -110.272317
44.881650, -110.340140
44.881657, -110.338919
44.881658, -110.271489
44.881680, -110.295098
44.881683, -110.294162
44.881754, -110.340132
44.881756, -110.294226
44.881784, -110.272350
44.881795, -110.272070
44.881795, -110.339430
44.881840, -110.272553
44.881849, -110.272293
44.881859, -110.271220
44.881894, -110.340408
44.881980, -110.340077
44.882032, -110.339401
44.882035, -110.338704
44.882124, -110.340584
44.882127, -110.339291
44.882129, -110.272110
44.882138, -110.339359
44.882166, -110.339152
44.882173, -110.340024
44.882176, -110.306280
44.882193, -110.306247
44.882216, -110.306810
44.882246, -110.338860
44.882270, -110.305919
44.882287, -110.306743
44.882303, -110.338773
44.882311, -110.304857
44.882319, -110.305215
44.882328, -110.338971
44.882332, -110.339067
44.882341, -110.339140
44.882393, -110.306825
44.882399, -110.338676
44.882420, -110.307965
44.882422, -110.309554
44.882476, -110.339254
44.882544, -110.308412
44.882591, -110.340090
44.882601, -110.305030
44.882657, -110.338863
44.882690, -110.339503
44.882735, -110.340229
44.882739, -110.306306
44.882784, -110.308344
44.882827, -110.305882
44.882859, -110.307667
44.882862, -110.305775
44.882866, -110.306216
44.882875, -110.308245
44.882882, -110.308824
44.882890, -110.306767
44.882904, -110.305740
44.882916, -110.308774
44.882920, -110.307724
44.882924, -110.338735
44.882931, -110.338771
44.883082, -110.340437
44.883105, -110.339325
44.883120, -110.339637
44.883155, -110.305297
44.883158, -110.306791
44.883230, -110.307972
44.883273, -110.309455
44.883277, -110.340167
44.883332, -110.339526
44.883396, -110.308216
44.883428, -110.304857
44.883441, -110.305705
44.883441, -110.306087
44.883457, -110.271533
44.883475, -110.271331
44.883478, -110.306787
44.883494, -110.309198
44.883500, -110.305183
44.883522, -110.270471
44.883527, -110.271829
44.883527, -110.305160
44.883540, -110.270922
44.883543, -110.305465
44.883568, -110.306154
44.883595, -110.308583
44.883668, -110.305281
44.883669, -110.308341
44.883672, -110.305763
44.883683, -110.308797
44.883702, -110.270772
44.883704, -110.308738
44.883707, -110.306507
44.883718, -110.307977
44.883737, -110.306453
44.883763, -110.308869
44.883776, -110.306276
44.883807, -110.306802
44.883818, -110.271730
44.883829, -110.308828
44.883853, -110.309158
44.883858, -110.271212
44.883865, -110.308317
44.883875, -110.306139
44.883894, -110.308040
44.883895, -110.270604
44.883924, -110.305540
44.883927, -110.271487
44.883940, -110.308359
44.883952, -110.306271
44.883980, -110.307939
44.884019, -110.308511
44.884035, -110.308860
44.884040, -110.271305
44.884046, -110.306080
44.884056, -110.308668
44.884139, -110.271062
44.884151, -110.270612
44.884205, -110.308186
44.884210, -110.307822
44.884255, -110.309550
44.884264, -110.309286
44.884269, -110.309471
44.884284, -110.308496
44.884303, -110.270269
44.884337, -110.309046
44.884416, -110.271663
44.884428, -110.269956
44.884476, -110.271001
44.884506, -110.270026
44.884510, -110.271774
44.884516, -110.270992
44.884524, -110.271598
44.884541, -110.270637
44.884569, -110.270240
44.884635, -110.271565
44.884653, -110.270260
44.884705, -110.270252
44.884795, -110.270426
44.884923, -110.271765
44.885094, -110.269913
44.885100, -110.271378
44.885168, -110.271456
44.885177, -110.270557
44.885193, -110.271334
44.885262, -110.270179
44.885381, -110.270480
44.886057, -110.334315
44.886076, -110.334752
44.886083, -110.335375
44.886139, -110.335359
44.886386, -110.334879
44.886397, -110.334784
44.886406, -110.333729
44.886475, -110.333684
44.886608, -110.335507
44.886653, -110.334498
44.886737, -110.334759
44.886779, -110.335090
44.886802, -110.333922
44.886902, -110.333912
44.886950, -110.334447
44.886961, -110.334916
44.887130, -110.334155
44.887248, -110.334202
44.887289, -110.335145
44.887365, -110.335165
44.887393, -110.334720
44.887508, -110.334634
44.887522, -110.334743
44.887572, -110.334942
44.887607, -110.334183
44.887655, -110.333900
44.887722, -110.333963
44.887754, -110.335350
44.887763, -110.335122
44.887792, -110.333687
44.887827, -110.335250
44.887832, -110.334291
44.887884, -110.335324
44.887922, -110.335438
44.887971, -110.333799
44.888042, -110.319756
44.888094, -110.318811
44.888103, -110.319795
44.888162, -110.319027
44.888164, -110.318947
44.888203, -110.318400
44.888213, -110.318886
44.888306, -110.319812
44.888374, -110.318607
44.888458, -110.318804
44.888511, -110.318911
44.888533, -110.318315
44.888539, -110.319061
44.888579, -110.319035
44.888609, -110.318732
44.888787, -110.319739
44.888835, -110.318580
44.888885, -110.319848
44.888896, -110.319434
44.888902, -110.319913
44.888924, -110.319367
44.888950, -110.318646
44.888976, -110.318672
44.889121, -110.318474
44.889187, -110.320226
44.889253, -110.320097
44.889260, -110.319939
44.889446, -110.319211
44.889464, -110.318985
44.889502, -110.318839
44.889550, -110.318968
44.889767, -110.318283
44.889919, -110.319623
44.889976, -110.319919
44.890005, -110.319384
44.891193, -110.251561
44.891214, -110.252654
44.891266, -110.252239
44.891384, -110.252322
44.891404, -110.251203
44.891418, -110.250728
44.891426, -110.251034
44.891435, -110.317556
44.891458, -110.251927
44.891465, -110.317622
44.891493, -110.251022
44.891570, -110.318292
44.891585, -110.318178
44.891585, -110.319183
44.891618, -110.318629
44.891624, -110.318689
44.891660, -110.318212
44.891682, -110.251631
44.891753, -110.250728
44.891755, -110.340991
44.891789, -110.250838
44.891796, -110.340745
44.891798, -110.252311
44.891799, -110.318156
44.891819, -110.252293
44.891902, -110.317692
44.891928, -110.251468
44.891932, -110.318183
44.891932, -110.319180
44.891942, -110.318571
44.891962, -110.340668
44.891991, -110.318304
44.892008, -110.341624
44.892028, -110.252456
44.892033, -110.250972
44.892043, -110.317699
44.892076, -110.341456
44.892087, -110.319235
44.892119, -110.251467
44.892138, -110.317943
44.892154, -110.318065
44.892170, -110.341684
44.892172, -110.318486
44.892184, -110.251295
44.892216, -110.317967
44.892270, -110.250758
44.892277, -110.251356
44.892280, -110.340732
44.892282, -110.250953
44.892288, -110.252615
44.892296, -110.251939
44.892310, -110.251120
44.892312, -110.341071
44.892330, -110.327908
44.892371, -110.328993
44.892377, -110.328658
44.892392, -110.251035
44.892393, -110.251055
44.892416, -110.328869
44.892425, -110.340203
44.892443, -110.317792
44.892444, -110.340932
44.892455, -110.317739
44.892487, -110.318479
44.892503, -110.251562
44.892506, -110.340265
44.892539, -110.341623
44.892562, -110.340619
44.892564, -110.327702
44.892635, -110.329387
44.892668, -110.317838
44.892677, -110.340264
44.892704, -110.340487
44.892710, -110.318777
44.892722, -110.318792
44.892733, -110.341179
44.892753, -110.319005
44.892767, -110.319429
44.892798, -110.340431
44.892815, -110.250986
44.892838, -110.318713
44.892845, -110.252614
44.892856, -110.328169
44.892880, -110.319369
44.892911, -110.341782
44.892930, -110.328323
44.892932, -110.328494
44.892933, -110.329434
44.892950, -110.327707
44.892953, -110.341262
44.892958, -110.317548
44.892964, -110.340511
44.892976, -110.251307
44.892977, -110.317748
44.893002, -110.327901
44.893019, -110.251781
44.893023, -110.340202
44.893041, -110.252484
44.893067, -110.328298
44.893069, -110.327595
44.893083, -110.341270
44.893086, -110.318728
44.893089, -110.327665
44.893092, -110.341678
44.893123, -110.251679
44.893170, -110.340478
44.893178, -110.252682
44.893239, -110.318072
44.893251, -110.341301
44.893267, -110.318797
44.893271, -110.340746
44.893281, -110.341209
44.893368, -110.340490
44.893383, -110.328755
44.893385, -110.328935
44.893388, -110.340292
44.893398, -110.340977
44.893399, -110.329061
44.893416, -110.340247
44.893452, -110.341354
44.893454, -110.340883
44.893478, -110.329269
44.893567, -110.339871
44.893581, -110.328233
44.893629, -110.339810
44.893641, -110.328091
44.893680, -110.328188
44.893764, -110.327586
44.893783, -110.328526
44.893793, -110.329396
44.893885, -110.327956
44.893930, -110.327766
44.893936, -110.328806
44.893970, -110.327790
44.893982, -110.328532
44.894021, -110.327929
44.894047, -110.327739
44.894075, -110.328040
44.894158, -110.329219
44.894239, -110.329073
44.895719, -110.305541
44.895826, -110.303990
44.895849, -110.304824
44.895884, -110.304732
44.896005, -110.304453
44.896122, -110.305824
44.896193, -110.304412
44.896259, -110.304819
44.896325, -110.304100
44.896394, -110.304656
44.896426, -110.305735
44.896550, -110.304467
44.896608, -110.305655
44.896662, -110.304854
44.896730, -110.304827
44.896735, -110.304253
44.896763, -110.302826
44.896795, -110.304262
44.896829, -110.303956
44.896847, -110.305636
44.896867, -110.304412
44.896933, -110.304854
44.896944, -110.302487
44.896972, -110.305927
44.896975, -110.305792
44.896982, -110.303992
44.896986, -110.305045
44.896995, -110.304440
44.897049, -110.304342
44.897120, -110.304156
44.897123, -110.305080
44.897172, -110.303974
44.897181, -110.302951
44.897202, -110.304185
44.897216, -110.304391
44.897270, -110.304068
44.897278, -110.304937
44.897289, -110.304408
44.897341, -110.305495
44.897368, -110.303738
44.897428, -110.303191
44.897440, -110.303905
44.897464, -110.303146
44.897470, -110.304425
44.897493, -110.305561
44.897510, -110.305188
44.897514, -110.305069
44.897536, -110.303010
44.897545, -110.304142
44.897549, -110.305901
44.897589, -110.302820
44.897595, -110.283917
44.897605, -110.282405
44.897614, -110.302608
44.897643, -110.303393
44.897659, -110.282292
44.897664, -110.283458
44.897687, -110.302859
44.897759, -110.302948
44.897761, -110.303377
44.897768, -110.304073
44.897826, -110.304295
44.897871, -110.283026
44.897896, -110.303126
44.897906, -110.304076
44.897939, -110.283259
44.897944, -110.283776
44.897964, -110.303274
44.897978, -110.282721
44.898004, -110.283152
44.898060, -110.282903
44.898090, -110.303894
44.898100, -110.304349
44.898120, -110.283662
44.898150, -110.303625
44.898181, -110.303281
44.898319, -110.283496
44.898351, -110.281998
44.898375, -110.282438
44.898385, -110.303573
44.898419, -110.303446
44.898447, -110.282847
44.898459, -110.303303
44.898482, -110.302666
44.898577, -110.303165
44.898600, -110.282535
44.898668, -110.282334
44.898739, -110.283877
44.898750, -110.282650
44.898774, -110.282377
44.898828, -110.282521
44.898883, -110.282549
44.898931, -110.283786
44.898980, -110.283327
44.899024, -110.283449
44.899146, -110.282901
44.899205, -110.282648
44.899211, -110.283020
44.899316, -110.282882
44.899334, -110.283146
44.899406, -110.283799
44.899436, -110.283271
44.899497, -110.283195
44.899505, -110.283075
44.899521, -110.282302
44.900032, -110.317802
44.900039, -110.316768
44.900059, -110.307403
44.900079, -110.308439
44.900113, -110.308327
44.900117, -110.307252
44.900177, -110.317682
44.900186, -110.306932
44.900215, -110.307086
44.900239, -110.316891
44.900239, -110.316910
44.900269, -110.317989
44.900297, -110.317880
44.900309, -110.316264
44.900314, -110.316334
44.900321, -110.317564
44.900337, -110.317021
44.900392, -110.307154
44.900418, -110.306922
44.900445, -110.308110
44.900472, -110.306858
44.900476, -110.317666
44.900491, -110.318008
44.900580, -110.307190
44.900584, -110.308255
44.900600, -110.307457
44.900632, -110.317470
44.900655, -110.306686
44.900681, -110.318016
44.900700, -110.316277
44.900821, -110.317896
44.900847, -110.307555
44.900874, -110.317770
44.900875, -110.308427
44.900885, -110.317338
44.900957, -110.317953
44.900967, -110.308025
44.900972, -110.316443
44.901017, -110.307567
44.901127, -110.316552
44.901130, -110.308192
44.901151, -110.308301
44.901152, -110.317703
44.901176, -110.307534
44.901239, -110.307541
44.901262, -110.307516
44.901298, -110.307689
44.901368, -110.316262
44.901410, -110.317941
44.901417, -110.257732
44.901423, -110.307284
44.901443, -110.256987
44.901465, -110.317516
44.901489, -110.316325
44.901490, -110.307945
44.901517, -110.307610
44.901521, -110.316780
44.901537, -110.257999
44.901604, -110.257690
44.901613, -110.307140
44.901625, -110.307940
44.901635, -110.307549
44.901652, -110.317511
44.901687, -110.257180
44.901722, -110.307198
44.901729, -110.317967
44.901749, -110.307949
44.901758, -110.316388
44.901759, -110.316362
44.901767, -110.258385
44.901777, -110.307868
44.901829, -110.258167
44.901849, -110.256901
44.901862, -110.316460
44.901863, -110.306801
44.901870, -110.258427
44.901880, -110.317712
44.901899, -110.306602
44.901928, -110.317979
44.902009, -110.258468
44.902059, -110.257328
44.902102, -110.256781
44.902125, -110.257744
44.902173, -110.258026
44.902289, -110.256891
44.902321, -110.256753
44.902472, -110.319263
44.902559, -110.256656
44.902562, -110.257211
44.902566, -110.256777
44.902595, -110.257357
44.902600, -110.258421
44.902622, -110.258534
44.902648, -110.319707
44.902698, -110.256711
44.902729, -110.258149
44.902743, -110.257396
44.902750, -110.257297
44.902803, -110.258382
44.902898, -110.257011
44.902927, -110.258483
44.903014, -110.257293
44.903029, -110.257316
44.903040, -110.319540
44.903042, -110.257920
44.903050, -110.318779
44.903120, -110.319056
44.903187, -110.318985
44.903267, -110.319989
44.903317, -110.319613
44.903335, -110.258057
44.903337, -110.256740
44.903365, -110.257262
44.903398, -110.319967
44.903474, -110.319099
44.903741, -110.319408
44.903854, -110.319439
44.903911, -110.319054
44.903922, -110.319907
44.903948, -110.319644
44.904029, -110.319844
44.904051, -110.319707
44.904076, -110.319723
44.904214, -110.319588
44.904257, -110.319716
44.904277, -110.319517
44.904376, -110.319552
44.906227, -110.287364
44.906270, -110.269517
44.906272, -110.287510
44.906315, -110.288594
44.906341, -110.287368
44.906351, -110.287333
44.906357, -110.288233
44.906397, -110.269265
44.906398, -110.269153
44.906438, -110.267655
44.906481, -110.288208
44.906500, -110.268007
44.906509, -110.268210
44.906558, -110.267650
44.906585, -110.289020
44.906604, -110.287426
44.906642, -110.287122
44.906672, -110.267816
44.906718, -110.287187
44.906759, -110.267716
44.906861, -110.269193
44.906861, -110.287178
44.906871, -110.287773
44.906873, -110.269008
44.906881, -110.269529
44.906922, -110.268905
44.906942, -110.288795
44.906955, -110.289063
44.906956, -110.288685
44.906972, -110.268597
44.906980, -110.269362
44.907028, -110.288809
44.907045, -110.289059
44.907097, -110.287438
44.907108, -110.288228
44.907118, -110.268737
44.907146, -110.267675
44.907169, -110.288893
44.907220, -110.268416
44.907231, -110.269057
44.907248, -110.288970
44.907303, -110.268233
44.907335, -110.267901
44.907348, -110.288803
44.907362, -110.287389
44.907380, -110.268653
44.907390, -110.288989
44.907446, -110.269463
44.907450, -110.288628
44.907463, -110.287352
44.907475, -110.288009
44.907501, -110.288207
44.907512, -110.268447
44.907517, -110.287542
44.907523, -110.269270
44.907622, -110.288936
44.907640, -110.288774
44.907660, -110.268095
44.907674, -110.287440
44.907686, -110.269259
44.907695, -110.287179
44.907708, -110.267972
44.907746, -110.268350
44.907797, -110.268488
44.907841, -110.269246
44.907883, -110.287802
44.907998, -110.267887
44.908133, -110.269412
44.908178, -110.269260
44.908226, -110.268895
44.908602, -110.273643
44.908692, -110.273594
44.908847, -110.273394
44.908880, -110.272998
44.908917, -110.273620
44.908935, -110.272826
44.908996, -110.274338
44.909006, -110.272657
44.909060, -110.273185
44.909084, -110.273024
44.909127, -110.273143
44.909142, -110.274622
44.909345, -110.273684
44.909356, -110.273944
44.909379, -110.274384
44.909383, -110.310025
44.909393, -110.273881
44.909445, -110.309267
44.909458, -110.309368
44.909466, -110.273636
44.909499, -110.273015
44.909648, -110.273101
44.909725, -110.310261
44.909803, -110.274325
44.909846, -110.309020
44.909858, -110.274635
44.909860, -110.310034
44.909864, -110.273218
44.909890, -110.310104
44.909906, -110.310368
44.909914, -110.309107
44.909920, -110.274071
44.909960, -110.308980
44.909976, -110.273187
44.909979, -110.272659
44.909979, -110.274340
44.910063, -110.309551
44.910078, -110.310048
44.910084, -110.273660
44.910114, -110.274252
44.910186, -110.309307
44.910217, -110.274487
44.910243, -110.309060
44.910284, -110.308714
44.910295, -110.273554
44.910296, -110.310253
44.910319, -110.309114
44.910337, -110.273867
44.910351, -110.309062
44.910370, -110.273829
44.910370, -110.310005
44.910378, -110.310324
44.910423, -110.273476
44.910475, -110.310201
44.910480, -110.309597
44.910483, -110.309751
44.910491, -110.273126
44.910496, -110.273014
44.910525, -110.310211
44.910652, -110.308968
44.910699, -110.308781
44.910707, -110.309721
44.910731, -110.309529
44.910858, -110.308918
44.910944, -110.308972
44.910969, -110.308601
44.911074, -110.309923
44.911117, -110.309420
44.911200, -110.309074
44.911363, -110.309146
44.913134, -110.310174
44.913167, -110.309774
44.913202, -110.286293
44.913203, -110.284695
44.913258, -110.308876
44.913274, -110.285701
44.913388, -110.285427
44.913401, -110.309145
44.913416, -110.286446
44.913440, -110.285039
44.913442, -110.284989
44.913448, -110.310030
44.913529, -110.284952
44.913540, -110.308497
44.913553, -110.285256
44.913563, -110.309924
44.913581, -110.285116
44.913671, -110.286192
44.913673, -110.285428
44.913708, -110.310028
44.913747, -110.285390
44.913773, -110.308936
44.913815, -110.309279
44.913823, -110.285653
44.913823, -110.309768
44.913826, -110.286367
44.913827, -110.308919
44.913840, -110.286150
44.913877, -110.308586
44.913888, -110.285283
44.913920, -110.286081
44.913942, -110.285015
44.913949, -110.285684
44.913976, -110.308430
44.913997, -110.309707
44.914003, -110.318964
44.914005, -110.318329
44.914008, -110.285405
44.914084, -110.285574
44.914124, -110.308567
44.914152, -110.284699
44.914167, -110.308414
44.914173, -110.319388
44.914181, -110.309295
44.914189, -110.285075
44.914225, -110.310149
44.914254, -110.285721
44.914258, -110.309812
44.914282, -110.319734
44.914303, -110.319256
44.914307, -110.309279
44.914338, -110.286111
44.914355, -110.285436
44.914402, -110.309975
44.914404, -110.308710
44.914429, -110.318503
44.914444, -110.285897
44.914472, -110.319401
44.914479, -110.309216
44.914495, -110.310123
44.914528, -110.285550
44.914532, -110.319757
44.914538, -110.318910
44.914542, -110.308551
44.914592, -110.310295
44.914600, -110.308662
44.914616, -110.285664
44.914647, -110.285095
44.914656, -110.319401
44.914669, -110.318329
44.914674, -110.285972
44.914675, -110.318933
44.914705, -110.309464
44.914713, -110.319166
44.914733, -110.318715
44.914811, -110.310102
44.914839, -110.309776
44.914916, -110.309320
44.914920, -110.309043
44.914925, -110.318750
44.914926, -110.285095
44.914954, -110.319219
44.914959, -110.309853
44.914960, -110.286148
44.915001, -110.319485
44.915027, -110.318998
44.915074, -110.309704
44.915145, -110.319777
44.915177, -110.286271
44.915229, -110.319537
44.915234, -110.318620
44.915456, -110.319151
44.915647, -110.319592
44.915658, -110.318543
44.915662, -110.319224
44.915833, -110.318789
44.915925, -110.318334
44.916518, -110.288053
44.916564, -110.289311
44.916590, -110.287944
44.916610, -110.289610
44.916715, -110.287961
44.916735, -110.288009
44.916802, -110.289095
44.916805, -110.288305
44.916853, -110.289279
44.916898, -110.257523
44.916950, -110.257177
44.917040, -110.288680
44.917046, -110.289360
44.917048, -110.255912
44.917093, -110.289635
44.917156, -110.257235
44.917212, -110.255962
44.917233, -110.257280
44.917243, -110.287885
44.917255, -110.257113
44.917288, -110.289717
44.917291, -110.288146
44.917327, -110.257194
44.917364, -110.257419
44.917368, -110.289369
44.917373, -110.288032
44.917404, -110.288711
44.917428, -110.257231
44.917578, -110.255670
44.917586, -110.287983
44.917632, -110.257608
44.917636, -110.257529
44.917649, -110.289537
44.917665, -110.288605
44.917671, -110.289323
44.917756, -110.256670
44.917778, -110.289333
44.917814, -110.256041
44.917814, -110.256368
44.917819, -110.257349
44.917820, -110.256073
44.917827, -110.288227
44.917840, -110.256562
44.917855, -110.255743
44.917856, -110.255673
44.917857, -110.289038
44.917909, -110.288991
44.917926, -110.255906
44.917927, -110.289481
44.917928, -110.256020
44.917954, -110.288705
44.917978, -110.257227
44.917983, -110.256525
44.918016, -110.256782
44.918048, -110.256875
44.918064, -110.288329
44.918086, -110.319391
44.918103, -110.288712
44.918135, -110.256214
44.918164, -110.288879
44.918186, -110.288353
44.918192, -110.257294
44.918214, -110.256313
44.918231, -110.288723
44.918258, -110.257190
44.918268, -110.319564
44.918358, -110.317931
44.918373, -110.319116
44.918391, -110.288125
44.918391, -110.317791
44.918444, -110.288097
44.918451, -110.319292
44.918472, -110.318395
44.918483, -110.319609
44.918485, -110.256700
44.918513, -110.318283
44.918514, -110.318266
44.918526, -110.256212
44.918540, -110.318235
44.918568, -110.256690
44.918570, -110.256425
44.918748, -110.317868
44.918825, -110.317915
44.918988, -110.319605
44.919067, -110.318611
44.919110, -110.318429
44.919130, -110.318766
44.919155, -110.319151
44.919350, -110.317804
44.919352, -110.319148
44.919386, -110.318250
44.919398, -110.317977
44.919520, -110.319175
44.919571, -110.318574
44.919574, -110.318141
44.919576, -110.319592
44.919644, -110.319156
44.919685, -110.319601
44.919827, -110.319451
44.919910, -110.318113
44.919988, -110.319358
44.919994, -110.318580
44.920006, -110.318203
44.920039, -110.318439
44.920051, -110.319238
44.920715, -110.300214
44.920802, -110.300494
44.920844, -110.299429
44.920854, -110.319482
44.920876, -110.299939
44.920937, -110.299627
44.921024, -110.316813
44.921036, -110.299094
44.921039, -110.299529
44.921058, -110.317339
44.921085, -110.299194
44.921090, -110.315414
44.921108, -110.316264
44.921196, -110.315647
44.921221, -110.316526
44.921249, -110.316948
44.921273, -110.300079
44.921281, -110.316551
44.921286, -110.299447
44.921296, -110.300505
44.921301, -110.317193
44.921311, -110.298943
44.921312, -110.315404
44.921320, -110.315929
44.921335, -110.299100
44.921380, -110.319349
44.921417, -110.253809
44.921468, -110.299659
44.921468, -110.315424
44.921469, -110.316174
44.921500, -110.317208
44.921549, -110.319567
44.921563, -110.299958
44.921636, -110.299041
44.921637, -110.319655
44.921690, -110.299315
44.921700, -110.253735
44.921713, -110.317116
44.921716, -110.315645
44.921749, -110.315706
44.921759, -110.253628
44.921828, -110.252647
44.921874, -110.319496
44.921883, -110.253856
44.921930, -110.299698
44.921933, -110.253349
44.921955, -110.253798
44.921961, -110.315620
44.921969, -110.300449
44.921982, -110.299916
44.922032, -110.315828
44.922054, -110.315641
44.922060, -110.253780
44.922066, -110.300044
44.922072, -110.316572
44.922083, -110.254408
44.922083, -110.319881
44.922085, -110.300380
44.922113, -110.299963
44.922133, -110.298963
44.922142, -110.316798
44.922159, -110.254222
44.922160, -110.299780
44.922186, -110.300581
44.922207, -110.298677
44.922221, -110.299529
44.922222, -110.299492
44.922223, -110.253402
44.922244, -110.253201
44.922287, -110.315646
44.922309, -110.300498
44.922319, -110.319626
44.922330, -110.252662
44.922343, -110.300627
44.922349, -110.298655
44.922362, -110.317222
44.922381, -110.252770
44.922382, -110.254513
44.922393, -110.317044
44.922397, -110.253759
44.922397, -110.299076
44.922431, -110.299986
44.922442, -110.253524
44.922461, -110.315487
44.922464, -110.253200
44.922468, -110.319638
44.922487, -110.253452
44.922499, -110.300230
44.922514, -110.252773
44.922518, -110.253344
44.922548, -110.254404
44.922559, -110.315586
44.922566, -110.316658
44.922620, -110.316395
44.922654, -110.253252
44.922658, -110.315527
44.922666, -110.253074
44.922770, -110.253894
44.922802, -110.316049
44.922808, -110.254459
44.922813, -110.316878
44.922822, -110.316962
44.922832, -110.316989
44.922850, -110.315976
44.922883, -110.253306
44.922912, -110.253232
44.922921, -110.253555
44.923035, -110.253510
44.923195, -110.253427
44.923217, -110.253687
44.923273, -110.253141
44.923295, -110.253133
44.923370, -110.252814
44.926028, -110.293352
44.926044, -110.292354
44.926059, -110.292407
44.926102, -110.292729
44.926106, -110.293119
44.926173, -110.292998
44.926243, -110.292430
44.926279, -110.292475
44.926442, -110.293536
44.926449, -110.293857
44.926461, -110.292841
44.926645, -110.293390
44.926646, -110.293758
44.926659, -110.293702
44.926673, -110.292274
44.926683, -110.308724
44.926718, -110.293756
44.926745, -110.309755
44.926760, -110.309084
44.926793, -110.308581
44.926837, -110.310185
44.926842, -110.292413
44.926847, -110.309162
44.926867, -110.310072
44.926885, -110.292869
44.926888, -110.308840
44.926907, -110.310049
44.926918, -110.293690
44.927008, -110.293418
44.927014, -110.293400
44.927091, -110.309402
44.927129, -110.308621
44.927148, -110.307844
44.927199, -110.308700
44.927210, -110.292360
44.927211, -110.307641
44.927221, -110.307720
44.927273, -110.309683
44.927287, -110.308760
44.927304, -110.293997
44.927323, -110.309087
44.927343, -110.293031
44.927345, -110.310108
44.927422, -110.308793
44.927428, -110.308582
44.927437, -110.308788
44.927457, -110.308989
44.927466, -110.308724
44.927475, -110.294220
44.927484, -110.293802
44.927495, -110.309109
44.927525, -110.292451
44.927550, -110.294043
44.927597, -110.309182
44.927616, -110.292308
44.927617, -110.308708
44.927625, -110.294195
44.927630, -110.292542
44.927633, -110.308808
44.927677, -110.293083
44.927679, -110.293382
44.927681, -110.308554
44.927690, -110.292796
44.927717, -110.310243
44.927719, -110.292442
44.927897, -110.309779
44.927932, -110.309196
44.927973, -110.309085
44.927976, -110.310392
44.927988, -110.307907
44.927988, -110.308848
44.928007, -110.309608
44.928015, -110.308540
44.928102, -110.307864
44.928168, -110.308611
44.928205, -110.307453
44.928207, -110.310194
44.928213, -110.309071
44.928243, -110.308688
44.928244, -110.309193
44.928263, -110.310117
44.928267, -110.308693
44.928284, -110.308988
44.928312, -110.308433
44.928325, -110.308437
44.928359, -110.309135
44.928362, -110.309827
44.928371, -110.307597
44.928411, -110.309751
44.928417, -110.308283
44.928454, -110.308674
44.928471, -110.309674
44.928515, -110.307460
44.928516, -110.309092
44.928522, -110.309027
44.928559, -110.307536
44.928605, -110.307672
44.928621, -110.310318
44.928737, -110.309250
44.928743, -110.307422
44.928814, -110.307762
44.928820, -110.307916
44.928918, -110.307771
44.928925, -110.308884
44.929049, -110.309040
44.929634, -110.268941
44.929753, -110.268040
44.929793, -110.267788
44.929820, -110.268135
44.929858, -110.268472
44.929958, -110.268132
44.929973, -110.268230
44.929988, -110.268562
44.930041, -110.268450
44.930070, -110.267480
44.930117, -110.267581
44.930131, -110.268796
44.930247, -110.267875
44.930252, -110.268190
44.930328, -110.268363
44.930338, -110.269241
44.930388, -110.269172
44.930388, -110.269293
44.930472, -110.267772
44.930507, -110.268536
44.930556, -110.268063
44.930556, -110.269066
44.930579, -110.268238
44.930612, -110.269392
44.930736, -110.268467
44.930795, -110.269088
44.930895, -110.267787
44.931008, -110.269145
44.931084, -110.268801
44.931096, -110.268075
44.931158, -110.267613
44.931172, -110.268830
44.931228, -110.267563
44.931238, -110.267900
44.931394, -110.269343
44.931745, -110.284025
44.931784, -110.284911
44.931793, -110.284241
44.931917, -110.285317
44.931926, -110.284781
44.931997, -110.285468
44.932048, -110.284254
44.932090, -110.285326
44.932224, -110.284235
44.932245, -110.285382
44.932432, -110.285209
44.932489, -110.285022
44.932604, -110.284422
44.932617, -110.284613
44.932621, -110.284051
44.932646, -110.285261
44.932655, -110.285347
44.932661, -110.284526
44.932796, -110.285261
44.932800, -110.312362
44.932808, -110.313433
44.932810, -110.284655
44.932841, -110.285148
44.932842, -110.313034
44.932869, -110.284007
44.932873, -110.313261
44.932889, -110.283804
44.932910, -110.285487
44.932946, -110.312720
44.932965, -110.313277
44.932972, -110.284604
44.932993, -110.283658
44.933105, -110.284674
44.933158, -110.313792
44.933169, -110.313789
44.933182, -110.312504
44.933185, -110.312839
44.933222, -110.283707
44.933241, -110.311992
44.933241, -110.313387
44.933258, -110.283695
44.933279, -110.313376
44.933329, -110.312205
44.933376, -110.284800
44.933460, -110.283755
44.933479, -110.312727
44.933489, -110.283920
44.933504, -110.284080
44.933563, -110.311998
44.933571, -110.311994
44.933621, -110.284038
44.933634, -110.285435
44.933643, -110.312691
44.933664, -110.312994
44.933673, -110.313616
44.933735, -110.312502
44.933783, -110.302147
44.933838, -110.313609
44.933877, -110.312104
44.933879, -110.312656
44.933881, -110.312705
44.933979, -110.303198
44.933993, -110.313004
44.934022, -110.313130
44.934057, -110.312308
44.934073, -110.302362
44.934089, -110.312822
44.934167, -110.312198
44.934179, -110.302486
44.934193, -110.302527
44.934207, -110.313606
44.934228, -110.312226
44.934230, -110.313249
44.934236, -110.296218
44.934240, -110.301797
44.934283, -110.302011
44.934292, -110.302001
44.934298, -110.313324
44.934312, -110.295832
44.934339, -110.295164
44.934342, -110.296785
44.934373, -110.301334
44.934384, -110.312031
44.934464, -110.301506
44.934482, -110.302938
44.934489, -110.302864
44.934500, -110.302113
44.934507, -110.301599
44.934517, -110.296166
44.934530, -110.302988
44.934605, -110.296781
44.934636, -110.302962
44.934655, -110.295118
44.934663, -110.302902
44.934676, -110.301392
44.934681, -110.302614
44.934692, -110.302023
44.934761, -110.302917
44.934767, -110.295868
44.934768, -110.296246
44.934769, -110.302557
44.934787, -110.295028
44.934804, -110.295457
44.934928, -110.296359
44.935020, -110.295260
44.935052, -110.295473
44.935059, -110.295204
44.935104, -110.296534
44.935180, -110.301911
44.935183, -110.296517
44.935207, -110.295196
44.935214, -110.303232
44.935226, -110.295471
44.935243, -110.301510
44.935255, -110.296682
44.935317, -110.302789
44.935332, -110.301940
44.935338, -110.303239
44.935352, -110.295079
44.935369, -110.294952
44.935371, -110.301848
44.935397, -110.302769
44.935399, -110.301353
44.935445, -110.302595
44.935462, -110.296107
44.935483, -110.296650
44.935630, -110.296790
44.935646, -110.296113
44.935683, -110.295482
44.935703, -110.302805
44.935704, -110.295977
44.935723, -110.302172
44.935744, -110.302980
44.935812, -110.295308
44.935946, -110.295310
44.935968, -110.295336
44.936042, -110.295595
44.936102, -110.294850
44.936133, -110.296444
44.936134, -110.295844
44.937622, -110.280307
44.937633, -110.280328
44.937693, -110.280587
44.937694, -110.280946
44.937737, -110.280382
44.937828, -110.280827
44.937863, -110.280244
44.937968, -110.280033
44.937993, -110.281358
44.938008, -110.280434
44.938054, -110.280660
44.938098, -110.279679
44.938124, -110.279988
44.938155, -110.281102
44.938230, -110.279703
44.938278, -110.279847
44.938353, -110.280699
44.938633, -110.280307
44.938680, -110.281357
44.938722, -110.279917
44.938771, -110.280599
44.938795, -110.280885
44.938832, -110.271004
44.938846, -110.281498
44.938870, -110.280936
44.938873, -110.280068
44.938887, -110.271081
44.938903, -110.271164
44.938938, -110.269778
44.938949, -110.271116
44.939002, -110.269598
44.939014, -110.270639
44.939017, -110.279820
44.939021, -110.279679
44.939050, -110.280326
44.939070, -110.281495
44.939109, -110.280559
44.939192, -110.270582
44.939259, -110.280057
44.939267, -110.281273
44.939332, -110.270960
44.939333, -110.269467
44.939348, -110.269898
44.939382, -110.279939
44.939450, -110.271314
44.939453, -110.279645
44.939485, -110.281078
44.939502, -110.269857
44.939616, -110.270420
44.939685, -110.271192
44.939809, -110.270329
44.939849, -110.270334
44.939905, -110.269635
44.939951, -110.270510
44.939982, -110.270138
44.940045, -110.271095
44.940121, -110.269871
44.940141, -110.269323
44.940151, -110.270727
44.940172, -110.271309
44.940175, -110.270897
44.940258, -110.268042
44.940273, -110.270898
44.940278, -110.268802
44.940286, -110.269928
44.940319, -110.269298
44.940332, -110.268423
44.940340, -110.270295
44.940352, -110.268214
44.940390, -110.268330
44.940433, -110.268835
44.940481, -110.269562
44.940493, -110.270260
44.940498, -110.268474
44.940499, -110.269272
44.940519, -110.268638
44.940538, -110.269892
44.940600, -110.269680
44.940603, -110.268418
44.940610, -110.270412
44.940643, -110.271322
44.940699, -110.269372
44.940713, -110.267998
44.940732, -110.268697
44.940735, -110.269588
44.940768, -110.270968
44.940803, -110.269002
44.940839, -110.268894
44.940882, -110.269367
44.940978, -110.269919
44.941014, -110.268120
44.941074, -110.269164
44.941104, -110.268411
44.941107, -110.269807
44.941220, -110.268161
44.941242, -110.269033
44.941284, -110.269317
44.941372, -110.268500
44.941462, -110.268925
44.941550, -110.269375
44.941590, -110.269460
44.941876, -110.269159
44.941948, -110.268193
44.941994, -110.269776
44.942050, -110.269895
44.942916, -110.298731
44.942987, -110.299168
44.942990, -110.299928
44.943007, -110.299227
44.943049, -110.298659
44.943065, -110.299197
44.943074, -110.274114
44.943078, -110.298602
44.943102, -110.274136
44.943134, -110.275017
44.943213, -110.275078
44.943230, -110.275359
44.943250, -110.298752
44.943262, -110.274128
44.943280, -110.299311
44.943286, -110.275955
44.943326, -110.298322
44.943353, -110.298857
44.943428, -110.298464
44.943647, -110.275049
44.943678, -110.299697
44.943738, -110.274742
44.943785, -110.274142
44.943788, -110.299693
44.943798, -110.275349
44.943814, -110.274360
44.943817, -110.299040
44.943842, -110.274349
44.943850, -110.298521
44.943851, -110.300033
44.943867, -110.299485
44.943970, -110.299497
44.943982, -110.274101
44.944000, -110.274032
44.944022, -110.274587
44.944039, -110.298487
44.944063, -110.275401
44.944152, -110.299747
44.944154, -110.273977
44.944157, -110.299659
44.944159, -110.274822
44.944172, -110.298253
44.944207, -110.251004
44.944213, -110.275192
44.944243, -110.273967
44.944247, -110.299664
44.944281, -110.275277
44.944285, -110.274307
44.944297, -110.274787
44.944327, -110.299168
44.944341, -110.251277
44.944399, -110.299254
44.944412, -110.274155
44.944431, -110.250293
44.944441, -110.304550
44.944442, -110.250511
44.944442, -110.251601
44.944442, -110.304697
44.944455, -110.274573
44.944460, -110.299061
44.944486, -110.304173
44.944496, -110.275051
44.944500, -110.274857
44.944517, -110.275935
44.944535, -110.251984
44.944549, -110.275797
44.944598, -110.299449
44.944603, -110.299504
44.944604, -110.251961
44.944610, -110.250530
44.944614, -110.273964
44.944628, -110.274981
44.944636, -110.304499
44.944673, -110.304851
44.944702, -110.275157
44.944713, -110.299505
44.944713, -110.299845
44.944740, -110.303880
44.944758, -110.299767
44.944766, -110.298931
44.944777, -110.303892
44.944787, -110.250313
44.944819, -110.299528
44.944825, -110.252196
44.944841, -110.303758
44.944848, -110.250979
44.944863, -110.251508
44.944866, -110.299703
44.944898, -110.251895
44.944925, -110.250549
44.944948, -110.305234
44.944994, -110.275618
44.945022, -110.304493
44.945029, -110.274275
44.945076, -110.303806
44.945110, -110.305531
44.945120, -110.304410
44.945128, -110.251558
44.945136, -110.251591
44.945142, -110.305105
44.945156, -110.250942
44.945168, -110.251837
44.945176, -110.304998
44.945254, -110.304367
44.945342, -110.305603
44.945353, -110.303849
44.945364, -110.250796
44.945366, -110.305630
44.945387, -110.251517
44.945452, -110.304212
44.945457, -110.303726
44.945475, -110.304495
44.945505, -110.305660
44.945530, -110.304332
44.945573, -110.251057
44.945580, -110.303910
44.945590, -110.250590
44.945634, -110.250813
44.945646, -110.251767
44.945715, -110.251036
44.945735, -110.304015
44.945740, -110.282950
44.945759, -110.250375
44.945759, -110.251195
44.945768, -110.305350
44.945776, -110.250947
44.945799, -110.304742
44.945822, -110.305058
44.945825, -110.304236
44.945827, -110.281207
44.945832, -110.282026
44.945849, -110.282597
44.945859, -110.250454
44.945881, -110.282018
44.945882, -110.250407
44.945889, -110.251289
44.945908, -110.250588
44.945945, -110.282498
44.945956, -110.281310
44.946017, -110.250712
44.946035, -110.304613
44.946066, -110.282381
44.946112, -110.251033
44.946128, -110.303777
44.946148, -110.250605
44.946150, -110.304072
44.946172, -110.282069
44.946179, -110.282787
44.946204, -110.281164
44.946224, -110.281379
44.946264, -110.305162
44.946310, -110.282271
44.946321, -110.305652
44.946398, -110.282388
44.946509, -110.282017
44.946512, -110.281809
44.946534, -110.282083
44.946724, -110.281412
44.946766, -110.277578
44.946769, -110.281601
44.946769, -110.282014
44.946796, -110.279106
44.946798, -110.277614
44.946802, -110.279073
44.946846, -110.282579
44.946854, -110.278201
44.946900, -110.278732
44.946912, -110.281417
44.946990, -110.282661
44.946999, -110.279193
44.947033, -110.281334
44.947043, -110.282404
44.947076, -110.278703
44.947116, -110.277852
44.947118, -110.277951
44.947171, -110.278683
44.947178, -110.282596
44.947254, -110.281452
44.947272, -110.281000
44.947276, -110.279219
44.947286, -110.278482
44.947297, -110.281840
44.947454, -110.277518
44.947456, -110.279230
44.947475, -110.281685
44.947491, -110.278910
44.947509, -110.279330
44.947517, -110.278634
44.947561, -110.281022
44.947601, -110.282010
44.947613, -110.281597
44.947620, -110.282422
44.947624, -110.279318
44.947624, -110.282247
44.947646, -110.278861
44.947792, -110.278939
44.947847, -110.278153
44.947934, -110.278048
44.948254, -110.279305
44.948257, -110.278484
44.948308, -110.278526
44.948340, -110.277802
44.948368, -110.277592
44.948444, -110.279171
44.948454, -110.278416
44.948471, -110.279349
44.948532, -110.278943
44.948583, -110.279286
44.948688, -110.278488
44.948699, -110.277375
44.948987, -110.257060
44.949174, -110.256734
44.949185, -110.256926
44.949238, -110.258059
44.949272, -110.258028
44.949273, -110.257321
44.949306, -110.257339
44.949308, -110.258680
44.949429, -110.258158
44.949460, -110.256923
44.949480, -110.257654
44.949498, -110.256714
44.949574, -110.257550
44.949589, -110.256727
44.949616, -110.256824
44.949665, -110.256832
44.949669, -110.257930
44.949686, -110.257912
44.949695, -110.258059
44.949748, -110.256726
44.949815, -110.258610
44.949909, -110.258044
44.949915, -110.257437
44.949944, -110.257047
44.949950, -110.257687
44.950062, -110.257115
44.950218, -110.256794
44.950247, -110.257408
44.950299, -110.257034
44.950345, -110.257338
44.950479, -110.257622
44.950656, -110.256877
44.950670, -110.258590
44.950920, -110.257658
44.950938, -110.258578